<?xml version="1.0" encoding="UTF-8" standalone="no"?>
<!-- Created with Inkscape (http://www.inkscape.org/) -->

<svg
   version="1.1"
   id="svg1"
   width="2261.3333"
   height="3392"
   viewBox="0 0 2261.3333 3392"
   sodipodi:docname=".svg"
   inkscape:version="1.4.3 (fcd0343856, 2026-01-01)"
   xmlns:inkscape="http://www.inkscape.org/namespaces/inkscape"
   xmlns:sodipodi="http://sodipodi.sourceforge.net/DTD/sodipodi-0.dtd"
   xmlns:xlink="http://www.w3.org/1999/xlink"
   xmlns="http://www.w3.org/2000/svg"
   xmlns:svg="http://www.w3.org/2000/svg">
  <sodipodi:namedview
     id="namedview1"
     pagecolor="#ffffff"
     bordercolor="#000000"
     borderopacity="0.25"
     inkscape:showpageshadow="2"
     inkscape:pageopacity="0.0"
     inkscape:pagecheckerboard="0"
     inkscape:deskcolor="#d1d1d1"
     inkscape:zoom="0.23673349"
     inkscape:cx="1657.9826"
     inkscape:cy="1915.6563"
     inkscape:window-width="2494"
     inkscape:window-height="1011"
     inkscape:window-x="66"
     inkscape:window-y="32"
     inkscape:window-maximized="1"
     inkscape:current-layer="g1" />
  <defs
     id="defs1">
    <inkscape:path-effect
       effect="bspline"
       id="path-effect1"
       is_visible="true"
       lpeversion="1.3"
       weight="33.333333"
       steps="2"
       helper_size="0"
       apply_no_weight="true"
       apply_with_weight="true"
       only_selected="false"
       uniform="false" />
    <clipPath
       clipPathUnits="userSpaceOnUse"
       id="clipPath3">
      <path
         id="path3"
         style="fill:#00ffff;stroke-width:10.8867"
         d="M 0,0 V 3392 H 2261.334 V 0 Z m 1165.7129,2450.6309 c 0.2081,-0.014 0.4252,0.019 0.6562,0.1015 1.2321,0.44 2.8175,2.2442 3.8516,6.7324 1.034,4.4883 1.5176,11.6608 4.5977,24.7735 3.0802,13.1127 8.7571,32.1654 14.1914,49.6562 5.4342,17.4909 10.6259,33.4194 13.75,47.17 3.1241,13.7506 4.1795,25.3217 4.6855,36.6523 0.506,11.3305 0.4625,22.4195 1.1445,33.6621 0.6821,11.2425 2.0891,22.6382 3.4532,35.4649 1.3641,12.8265 2.6845,27.0824 3.1465,41.1191 0.462,14.0366 0.067,27.8534 1.541,42.6601 1.4741,14.8067 4.817,30.6033 6.291,39.1836 1.4741,8.5804 1.0776,9.9444 -0.8145,13.7286 -1.8921,3.7842 -5.2794,9.9875 -7.1054,13.9257 -1.8261,3.9381 -2.0896,5.6111 -2.3536,7.2832 l 1.9805,4.2247 c -1.1001,3.784 -2.2011,7.5671 -1.4531,11.5273 0.748,3.9601 3.344,8.0968 5.4121,11.793 2.0681,3.6962 3.6083,6.9528 5.1484,10.2089 l -84.2187,22.5723 -66.9277,18.7442 -16.1036,-0.2637 -14.125,5.5449 -18.3222,5.4063 -0.025,-17.8145 19.9316,-1.584 19.9336,-10.5605 -0.6601,-41.1856 -4.752,-11.8808 c 7.3923,-26.621 14.7846,-53.2419 21.627,-81.4473 6.8423,-28.2054 13.1338,-57.9946 18.832,-85.2539 5.6983,-27.2592 10.8021,-51.9882 13.9922,-65.7168 3.1902,-13.7285 4.4674,-16.4555 5.5234,-18.4356 1.0561,-1.9801 1.8918,-3.2133 1.7598,-9.1757 -0.1321,-5.9623 -1.2333,-16.6526 -2.8613,-24.4629 -1.6281,-7.8104 -3.7845,-12.7395 1.6718,-24.1582 5.4563,-11.4186 18.5265,-29.3259 26.7989,-43.2305 8.2723,-13.9046 11.7472,-23.8065 13.8593,-30.7148 2.112,-6.9083 2.8599,-10.8241 3.6739,-13.2442 0.6614,-1.9663 1.3676,-2.944 2.2695,-3.0058 z" />
    </clipPath>
    <clipPath
       clipPathUnits="userSpaceOnUse"
       id="clipPath5">
      <path
         style="display:inline;fill:#000000"
         d="m 939.52346,2348.8086 c -5.63222,-2.9921 -16.89664,-8.9763 -26.92911,-18.1288 -10.03246,-9.1524 -18.83265,-21.4727 -23.58482,-30.097 -4.75217,-8.6244 -5.45618,-13.5525 -6.16021,-18.4807 -8.44832,-95.3956 -16.89664,-190.7912 -19.00868,-262.6024 -2.11203,-71.8112 2.11204,-120.036 6.3362,-168.2618 0,0 -31.6812,-1.0561 -31.6812,-1.0561 0,0 15.8406,-71.8107 15.8406,-71.8107 7.39228,-32.7372 14.78457,-65.4745 23.58499,-92.5797 8.80043,-27.1052 19.00862,-48.5776 32.38529,-65.2984 13.37667,-16.7207 29.92095,-28.6889 48.58209,-39.734 18.66115,-11.0452 39.43798,-21.1665 53.21809,-27.5964 13.78,-6.4298 20.5628,-9.1678 27.3456,-11.9058 0,0 -11.201,-25.0156 -11.201,-25.0156 0,-1.369 0,-2.738 0.6223,-4.2003 0.6222,-1.4624 1.8668,-3.0181 3.1113,-4.5738 0,0 -8.214,-16.4281 -8.214,-16.4281 -2.9869,0.7467 -5.9739,1.4935 -8.6186,0.8712 -2.6447,-0.6223 -4.9471,-2.6136 -5.4138,-4.9472 -0.4667,-2.3335 0.9023,-5.0093 3.4848,-8.4318 2.5825,-3.4226 6.3783,-7.5917 10.1742,-11.761 0,0 2.2402,-11.9477 2.2402,-11.9477 3.2358,-7.7785 6.4717,-15.557 15.3704,-24.2379 8.8987,-8.6808 23.4597,-18.2637 36.9632,-24.7043 13.5036,-6.4406 25.9489,-9.7386 39.2969,-10.0809 13.348,-0.3422 27.5979,2.2713 39.1101,6.2229 11.5122,3.9515 20.2861,9.2407 27.1001,16.8949 6.814,7.6541 11.6676,17.6725 13.8767,24.611 2.2091,6.9384 1.7736,10.7965 1.338,14.6546 0,0 -1.1201,11.0143 -1.1201,11.0143 0,0 5.6005,8.7741 5.6005,8.7741 0,0 0.1866,31.5494 0.1866,31.5494 0,0 -7.4673,10.641 -7.4673,10.641 0,0 -0.3734,5.2271 -0.3734,5.2271 0,0 1.8669,3.547 1.8669,3.547 25.7623,4.2315 51.5245,8.463 69.944,13.4413 18.4196,4.9783 29.4959,10.7031 38.2078,17.5171 8.712,6.814 15.0591,14.7168 20.6285,26.1357 5.5694,11.4189 10.3609,26.3533 16.0859,44.9908 5.725,18.6374 12.3833,40.9767 17.2371,63.41 4.8538,22.4333 7.9029,44.9593 12.0099,65.1835 4.1071,20.2242 9.2719,38.1454 14.4368,56.067 0,0 -14.1879,7.094 -14.1879,7.094 5.9116,18.855 11.8233,37.71 19.5085,65.464 7.6852,27.7539 17.1437,64.4053 24.3621,101.8668 7.2185,37.4615 12.1966,75.7308 20.1619,112.041 7.9652,36.3102 18.9171,70.6593 25.6066,90.6344 6.6895,19.9752 9.1163,25.5756 11.5432,31.1761 0,0 -14.0012,51.3379 -14.0012,51.3379 0,0 -24.2688,28.9359 -24.2688,28.9359 0,0 -31.9229,7.2806 -31.9229,7.2806 0,0 -14.1879,-3.547 -14.1879,-3.547 0,0 0.7467,-6.7206 0.7467,-6.7206 0,0 3.1737,-1.8668 3.1737,-1.8668 0,0 9.5208,-18.6683 9.5208,-18.6683 0,0 23.7088,-44.6173 23.7088,-44.6173 0,0 -6.5339,-10.0809 -6.5339,-10.0809 0,0 -11.0144,7.8407 -11.0144,7.8407 0,0 -0.7467,32.8562 -0.7467,32.8562 0,0 -8.7741,12.8812 -8.7741,12.8812 0,0 -11.9477,-0.1867 -11.9477,-0.1867 0,0 -0.9334,-7.8407 -0.9334,-7.8407 0.2489,-29.3715 0.4978,-58.743 2.1469,-79.216 1.649,-20.4731 4.6981,-32.0472 6.3472,-39.359 1.649,-7.3118 1.8979,-10.3609 2.1468,-13.41 0,0 -53.018,-167.2682 -53.018,-167.2682 0,0 -42.0038,-107.3429 -42.0038,-107.3429 0,0 0.3734,-27.8158 0.3734,-27.8158 0,0 -9.8942,-19.415 -9.8942,-19.415 0,0 -8.7741,-19.0417 -8.7741,-19.0417 0,0 0.7467,110.1431 0.7467,110.1431 10.5165,50.4045 21.033,100.8089 33.1364,143.4975 12.1035,42.6886 25.7933,77.6599 39.4834,112.6319 0,0 -0.1867,113.8768 -0.1867,113.8768 0,0 -14.0012,24.4555 -14.0012,24.4555 0,0 -19.0417,231.4872 -19.0417,231.4872 0,0 9.1475,166.3347 9.1475,166.3347 0,0 -5.0405,99.1288 -5.0405,99.1288 0,0 1.1201,57.8718 1.1201,57.8718 0,0 6.5339,0.7468 6.5339,0.7468 0,0 112.7567,-42.3771 112.7567,-42.3771 12.4455,-2.2402 24.8911,-4.4804 37.3367,-4.5737 12.4457,-0.093 24.891,1.9601 33.5407,3.5469 8.6497,1.5868 13.5034,2.7069 19.6018,8.8987 6.0984,6.1918 13.4411,17.4548 16.677,25.2022 3.2358,7.7474 2.3646,11.9788 0.062,19.7573 -2.3024,7.7786 -6.036,19.1038 -10.672,28.9359 -4.6361,9.8321 -10.1742,18.1704 -17.0816,25.0777 -6.9073,6.9074 -15.1834,12.3833 -23.5531,17.6727 -8.3698,5.2895 -16.8326,10.392 -27.847,14.3746 -11.0145,3.9826 -24.5799,6.845 -32.7318,8.5252 -8.1518,1.6801 -10.8898,2.178 -13.6278,2.6758 0,0 -22.0286,5.6005 -22.0286,5.6005 0,0 3.9204,8.7741 3.9204,8.7741 0,0 22.0286,-2.2402 22.0286,-2.2402 3.9826,1.7424 7.9651,3.4847 12.1033,6.5339 4.1382,3.0493 8.4318,7.4051 10.4854,12.0411 2.0535,4.6361 1.8668,9.5519 1.0734,14.2346 -0.7935,4.6827 -2.1936,9.1319 -3.7337,12.71 -1.5402,3.5781 -3.2203,6.285 -5.7561,9.1164 -2.5358,2.8314 -5.9271,5.7871 -10.2831,7.125 -4.356,1.338 -9.6764,1.0579 -13.9546,-0.015 -4.2782,-1.0735 -7.514,-2.9403 -9.9876,-5.056 -2.4735,-2.1158 -4.1847,-4.4804 -6.6427,-6.9851 -2.4581,-2.5047 -5.6628,-5.1493 -8.8675,-7.794 0,0 0.1867,-20.3485 0.1867,-20.3485 0,0 -13.2545,-13.1611 -13.2545,-13.1611 0,0 -5.9739,-7.094 -5.9739,-7.094 0,0 -66.6459,18.2016 -66.6459,18.2016 -1.3068,1.4001 -2.6135,2.8003 -6.0361,4.6516 -3.4226,1.8513 -8.9608,4.1537 -16.117,5.4293 -7.1563,1.2757 -15.9303,1.5246 -24.7044,1.7735 0,0 -241.5681,69.1661 -241.5681,69.1661 -1.089,2.8625 -2.1779,5.725 -4.247,8.8053 -2.0691,3.0804 -5.1182,6.3783 -4.2159,7.7629 0.9023,1.3846 5.756,0.8556 9.7853,1.4001 4.0293,0.5445 7.2339,2.1624 11.1232,5.2116 3.8893,3.0492 8.4629,7.5295 11.481,12.1966 3.0181,4.6672 4.4804,9.5208 4.1225,14.8725 -0.3578,5.3516 -2.5357,11.2009 -4.7604,16.0702 -2.2246,4.8694 -4.4959,8.7586 -8.2452,11.9944 -3.7492,3.2359 -8.9763,5.8183 -14.4524,7.8563 -5.4761,2.038 -11.2009,3.5314 -16.7859,1.1667 -5.585,-2.3647 -11.02986,-8.5874 -15.41692,-13.6434 -4.38707,-5.056 -7.71619,-8.9452 -11.04538,-12.8344 0,0 1.86683,-20.2552 1.86683,-20.2552 0,0 11.201,-11.761 11.201,-11.761 0,0 -1.30678,-8.9608 -1.30678,-8.9608 -6.87617,-0.031 -13.75234,-0.062 -19.8507,-0.5909 -6.09837,-0.5289 -11.41876,-1.5556 -16.1481,-2.0844 -4.72935,-0.5289 -8.86741,-0.5599 -13.00555,-0.5909 0,0 -80.18045,-15.9614 -80.18045,-15.9614 -1.36901,-0.4045 -2.73801,-0.8089 -9.64542,-3.8737 -6.90742,-3.0648 -19.3527,-8.7896 -30.70937,-16.366 -11.35668,-7.5763 -21.62405,-17.0036 -28.60915,-26.7734 -6.9851,-9.7699 -10.68758,-19.8817 -10.79645,-26.2445 -0.10886,-6.3628 3.37581,-8.9763 7.46734,-11.6055 4.09152,-2.6291 8.78966,-5.2737 26.7271,-9.1475 17.93745,-3.8737 49.11293,-8.9763 66.70787,-11.341 17.59493,-2.3646 21.60854,-1.9913 25.62223,-1.6179 3.1425,-3.9515 6.28498,-7.9029 10.53209,-12.6634 4.24711,-4.7605 9.59857,-10.3297 17.01933,-14.3745 7.42076,-4.0449 16.9103,-6.5651 26.40003,-9.0853 0,0 -1.49346,-33.7896 -1.49346,-33.7896 -6.93839,-3.3292 -13.87679,-6.6584 -19.36843,-10.9055 -5.49163,-4.2471 -9.53636,-9.4119 -10.53197,-13.5501 -0.99562,-4.1382 1.05784,-7.2495 3.92035,-12.57 2.86252,-5.3206 6.53389,-12.85 9.86311,-19.4151 3.32923,-6.5651 6.31607,-12.1654 7.34282,-20.4107 1.02674,-8.2453 0.0933,-19.1349 -1.99132,-38.2702 -2.08466,-19.1354 -5.32044,-46.515 -6.31607,-68.2638 -0.99563,-21.7487 0.2489,-37.8654 1.02675,-51.6489 0.77785,-13.7836 1.08898,-25.2333 -0.40452,-40.137 -1.4935,-14.9038 -4.7915,-33.2606 -6.62722,-55.0094 -1.83572,-21.7489 -2.20908,-46.8884 -0.49778,-74.4245 1.7113,-27.536 5.50712,-57.467 7.77844,-81.1137 2.27132,-23.6467 3.01804,-41.0079 2.45437,-50.8768 -0.56367,-9.8689 -2.4376,-12.245 -3.37463,-13.4332 -0.93702,-1.1881 -0.93702,-1.1889 -6.56923,-4.181 z"
         id="path5" />
    </clipPath>
  </defs>
  <g
     inkscape:groupmode="layer"
     inkscape:label="Image"
     id="g1">
    <g
       id="g4"
       clip-path="url(#clipPath5)"
       transform="translate(-54.914072,-439.31258)">
      <image
         width="2261.3333"
         height="3392"
         preserveAspectRatio="none"
         xlink:href="../../../Downloads/images/image1.jpg"
         id="image1"
         style="display:inline"
         clip-path="url(#clipPath3)" />
    </g>
  </g>
</svg>
